"r" "n" "Z" "logr" "logZ" "r_star" "p"
1 324548 324548 0 12.6901887240639 0.248678161627864 2.6653416657971e-07
2 40354 40354 0.693147180559945 10.6054458013746 1.16464291024434 1.24826854683552e-06
3 15666 15666 1.09861228866811 9.65924803792718 2.02144772117962 2.16659508869674e-06
4 7917 7917 1.38629436111989 8.97676762517143 3.0231671697591 3.24024167119544e-06
5 4947 4947 1.6094379124341 8.50653661122771 3.97756553772223 4.26316934576447e-06
6 3519 3519 1.79175946922805 8.16593213732158 4.94481187026721 5.29986751593973e-06
7 2385 2385 1.94591014905531 7.77695440332244 5.92014918172122 6.3452376270133e-06
8 1803 1803 2.07944154167984 7.49720722320332 6.9009100214164 7.3964206955666e-06
9 1392 1392 2.19722457733622 7.23849684089437 7.88548305756559 8.45168969027464e-06
10 1150 1150 2.30258509299405 7.0475172213573 8.87283759939497 9.50993991298217e-06
11 911 911 2.39789527279837 6.81454289725996 9.8622837226116 1.05704319002992e-05
12 756 756 2.484906649788 6.62804137617953 10.8533422144099 1.16326520301813e-05
13 629 629 2.56494935746154 6.44413125670044 11.8456698487083 1.26962324316543e-05
14 551 551 2.63905732961526 6.31173480915291 12.8390143509161 1.37609027158858e-05
15 474 474 2.70805020110221 6.16120732169508 13.8331861463309 1.48264596960137e-05
16 438 438 2.77258872223978 6.08221891037645 14.8280400222881 1.5892747732571e-05
17 399 399 2.83321334405622 5.98896141688986 15.823462870041 1.69596455951876e-05
18 332 332 2.89037175789616 5.80513496891649 16.8193652780719 1.80270574522708e-05
19 282 282 2.94443897916644 5.64190707093811 17.8156756354033 1.9094906550912e-05
20 256 256 2.99573227355399 5.54517744447956 18.8123359120897 2.01631306944025e-05
21 245 245 3.04452243772342 5.50125821054473 19.809298585568 2.12316789478847e-05
22 233 233 3.09104245335832 5.4510384535657 20.8065243655702 2.23005091999052e-05
23 215 215 3.13549421592915 5.37063802812766 21.8039804856038 2.33695863312169e-05
24 171 171 3.17805383034795 5.14166355650266 22.8016394029574 2.44388808214407e-05
25 170 170 3.2188758248682 5.13579843705026 23.7994777976406 2.55083676761252e-05
26 143 143 3.25809653802148 4.96284463025991 24.7974757930246 2.65780255914268e-05
27 147 147 3.29583686600433 4.99043258677874 25.7956163429417 2.76478362972004e-05
28 144 144 3.3322045101752 4.969813299576 26.7938847451929 2.8717784035575e-05
29 128 128 3.36729582998647 4.85203026391962 27.7922682520583 2.97878551434976e-05
30 116 116 3.40119738166216 4.75359019110636 28.7907557559713 3.08580377158376e-05
31 106 106 3.43398720448515 4.66343909411207 29.789337533963 3.19283213314814e-05
32 107 107 3.46573590279973 4.67282883446191 30.7880050384432 3.29986968290902e-05
33 96 96 3.49650756146648 4.56434819146784 31.7867507248045 3.40691561223261e-05
34 71 71 3.52636052461616 4.26267987704132 32.7855679085042 3.51396920466719e-05
35 66 66 3.55534806148941 4.18965474202643 33.7844506459063 3.62102982317166e-05
36 69 69 3.58351893845611 4.23410650459726 34.7833936343994 3.72809689941018e-05
37 76 76 3.61091791264422 4.33073334028633 35.7823921282489 3.83516992473317e-05
38 71 71 3.63758615972639 4.26267987704132 36.7814418673641 3.94224844254257e-05
39 63 63 3.66356164612965 4.14313472639153 37.7805390167278 4.04933204179978e-05
40 55 55 3.68887945411394 4.00733318523247 38.7796801146698 4.15642035148177e-05
41 56 56 3.71357206670431 4.02535169073515 39.778862028514 4.26351303582713e-05
42 37 37 3.73766961828337 3.61091791264422 40.7780819164022 4.37060979024448e-05
43 45 45 3.76120011569356 3.80666248977032 41.7773371943129 4.47771033777742e-05
44 49 49 3.78418963391826 3.89182029811063 42.7766255074683 4.58481442604002e-05
45 38 38 3.80666248977032 3.63758615972639 43.775944705465 4.69192182455125e-05
46 39 39 3.8286413964891 3.66356164612965 44.7752928205724 4.79903232240902e-05
47 44 44 3.85014760171006 3.78418963391826 45.7746680487384 4.90614572625436e-05
48 38 38 3.87120101090789 3.63758615972639 46.7740687329193 5.01326185848473e-05
49 29 29 3.89182029811063 3.36729582998647 47.7734933484023 5.12038055568085e-05
50 38 38 3.91202300542815 3.63758615972639 48.7729404898565 5.22750166721882e-05
51 36 36 3.93182563272433 3.58351893845611 49.7724088598719 5.33462505404177e-05
52 31 31 3.95124371858143 3.43398720448515 50.7718972587951 5.44175058757043e-05
53 30 30 3.97029191355212 3.40119738166216 51.7714045756931 5.54887814873455e-05
54 28 28 3.98898404656427 3.3322045101752 52.7709297802997 5.65600762710986e-05
55 27 27 4.00733318523247 3.29583686600433 53.7704719158252 5.76313892014727e-05
56 26 26 4.02535169073515 3.25809653802148 54.7700300925208 5.87027193248318e-05
57 25 25 4.04305126783455 3.2188758248682 55.7696034819071 5.97740657532087e-05
58 25 25 4.06044301054642 3.2188758248682 56.7691913115907 6.08454276587492e-05
59 19 19 4.07753744390572 2.94443897916644 57.7687928605968 6.19168042687099e-05
60 22 22 4.0943445622221 3.09104245335832 58.7684074551593 6.29881948609459e-05
61 13 13 4.11087386417331 2.56494935746154 59.7680344649212 6.40595987598382e-05
62 17 17 4.12713438504509 2.83321334405622 60.7676732994925 6.51310153326046e-05
63 24 24 4.14313472639153 3.17805383034795 61.7673234053326 6.62024439859582e-05
64 20 20 4.15888308335967 2.99573227355399 62.7669842629195 6.72738841630736e-05
65 26 26 4.17438726989564 3.25809653802148 63.7666553841764 6.83453353408282e-05
66 21 21 4.18965474202643 3.04452243772342 64.7663363101275 6.94167970272899e-05
67 23 23 4.20469261939097 3.13549421592915 65.7660266087608 7.04882687594269e-05
68 19 19 4.21950770517611 2.94443897916644 66.7657258730781 7.1559750101017e-05
69 17 17 4.23410650459726 2.83321334405622 67.7654337193082 7.26312406407326e-05
70 19 19 4.24849524204936 2.94443897916644 68.7651497852756 7.37027399903929e-05
71 15 15 4.26267987704132 2.70805020110221 69.7648737289006 7.47742477833555e-05
72 14 14 4.27666611901606 2.63905732961526 70.7646052268262 7.58457636730452e-05
73 13 13 4.29045944114839 2.56494935746154 71.7643439731527 7.69172873315976e-05
74 20 20 4.30406509320417 2.99573227355399 72.7640896782778 7.79888184486159e-05
75 12 12 4.31748811353631 2.484906649788 73.7638420678223 7.90603567300195e-05
76 20 20 4.33073334028633 2.99573227355399 74.7636008816457 8.01319018969887e-05
77 12 12 4.34380542185368 2.484906649788 75.7633658729331 8.12034536849866e-05
78 15 15 4.35670882668959 2.70805020110221 76.7631368073524 8.22750118428551e-05
79 13 13 4.36944785246702 2.56494935746154 77.762913462276 8.3346576131981e-05
80 11 11 4.38202663467388 2.39789527279837 78.762695626058 8.44181463255216e-05
81 10 10 4.39444915467244 2.30258509299405 79.7624830973668 8.54897222076889e-05
82 16 16 4.40671924726425 2.77258872223978 80.762275684562 8.65613035730821e-05
83 7 7 4.4188406077966 1.94591014905531 81.7620732051211 8.76328902260727e-05
84 12 12 4.43081679884331 2.484906649788 82.7618754851004 8.87044819802275e-05
85 4 4 4.44265125649032 1.38629436111989 83.761682358641 8.97760786577781e-05
86 13 13 4.45434729625351 2.56494935746154 84.7614936674991 9.08476800891183e-05
87 9 9 4.46590811865458 2.19722457733622 85.7613092606194 9.19192861123464e-05
88 9 9 4.47733681447821 2.19722457733622 86.7611289937276 9.29908965728288e-05
89 12 12 4.48863636973214 2.484906649788 87.7609527289557 9.40625113227979e-05
90 10 10 4.49980967033027 2.30258509299405 88.7607803344905 9.51341302209761e-05
91 12 12 4.51085950651685 2.484906649788 89.7606116842434 9.62057531322208e-05
92 13 13 4.52178857704904 2.56494935746154 90.7604466575458 9.72773799271993e-05
93 8 8 4.53259949315326 2.07944154167984 91.7602851388575 9.83490104820749e-05
94 13 13 4.54329478227 2.56494935746154 92.7601270174989 9.94206446782211e-05
95 7 7 4.55387689160054 1.94591014905531 93.7599721873991 0.000100492282401951
96 19 19 4.56434819146784 2.94443897916644 94.7598205468564 0.000101563923544259
97 10 10 4.57471097850338 2.30258509299405 95.7596719983166 0.000102635568000587
98 13 13 4.58496747867057 2.56494935746154 96.7595264481645 0.000103707215670599
99 13 13 4.59511985013459 2.56494935746154 97.7593838065245 0.000104778866457964
100 5 5 4.60517018598809 1.6094379124341 98.7592439870796 0.000105850520270169
101 5 5 4.61512051684126 1.6094379124341 99.7591069068934 0.000106922177018321
102 6 6 4.62497281328427 1.79175946922805 100.758972486248 0.000107993836616978
103 6 6 4.63472898822964 1.79175946922805 101.758840648489 0.000109065498983983
104 2 2 4.64439089914137 0.693147180559945 102.758711319881 0.000110137164040304
105 6 6 4.65396035015752 1.79175946922805 103.758584429466 0.000111208831709891
106 4 4 4.66343909411207 1.38629436111989 104.75845990894 0.000112280501919533
107 11 11 4.67282883446191 2.39789527279837 105.758337692523 0.000113352174598727
108 11 11 4.68213122712422 2.39789527279837 106.758217716851 0.000114423849679561
109 4 4 4.69134788222914 1.38629436111989 107.758099920859 0.000115495527096583
110 7 7 4.70048036579242 1.94591014905531 108.757984245684 0.000116567206786704
111 9 9 4.70953020131233 2.19722457733622 109.75787063456 0.000117638888689082
112 7 7 4.71849887129509 1.94591014905531 110.75775903273 0.000118710572745031
113 4 4 4.72738781871234 1.38629436111989 111.757649387361 0.00011978225889792
114 5 5 4.7361984483945 1.6094379124341 112.75754164745 0.000120853947093087
115 10 10 4.74493212836325 2.30258509299405 113.757435763755 0.000121925637277752
116 3 3 4.75359019110636 1.09861228866811 114.757331688715 0.000122997329400942
117 5 5 4.76217393479776 1.6094379124341 115.757229376383 0.000124069023413407
118 12 12 4.77068462446567 2.484906649788 116.75712878235 0.000125140719267552
119 5 5 4.77912349311153 1.6094379124341 117.757029863691 0.000126212416917369
120 9 9 4.78749174278205 2.19722457733622 118.756932578897 0.000127284116318368
121 9 9 4.79579054559674 2.19722457733622 119.756836887818 0.000128355817427518
122 2 2 4.80402104473326 0.693147180559945 120.756742751612 0.000129427520203185
123 1 1 4.81218435537242 0 121.756650132685 0.000130499224605078
124 2 2 4.82028156560504 0.693147180559945 122.756558994648 0.000131570930594195
125 4 4 4.8283137373023 1.38629436111989 123.756469302267 0.00013264263813277
126 4 4 4.83628190695148 1.38629436111989 124.756381021414 0.000133714347184226
127 6 6 4.84418708645859 1.79175946922805 125.756294119028 0.000134786057713129
128 3 3 4.85203026391962 1.09861228866811 126.756208563075 0.000135857769685143
129 5 5 4.85981240436167 1.6094379124341 127.756124322502 0.000136929483066987
130 8 8 4.86753445045558 2.07944154167984 128.756041367207 0.000138001197826395
131 11 11 4.87519732320115 2.39789527279837 129.755959667997 0.000139072913932081
132 5 5 4.88280192258637 1.6094379124341 130.755879196558 0.000140144631353695
133 3 3 4.89034912822175 1.09861228866811 131.755799925419 0.000141216350061797
134 2 2 4.89783979995091 0.693147180559945 132.755721827925 0.000142288070027815
135 5 5 4.90527477843843 1.6094379124341 133.755644878203 0.000143359791224019
136 5 5 4.91265488573605 1.6094379124341 134.755569051134 0.000144431513623487
137 5 5 4.91998092582813 1.6094379124341 135.755494322329 0.000145503237200078
138 1 1 4.92725368515721 0 136.755420668097 0.000146574961928401
139 2 2 4.93447393313069 0.693147180559945 137.755348065428 0.000147646687783792
140 4 4 4.9416424226093 1.38629436111989 138.755276491959 0.000148718414742285
141 1 1 4.94875989037817 0 139.755205925963 0.000149790142780589
142 1 1 4.95582705760126 0 140.755136346314 0.000150861871876065
143 4 4 4.96284463025991 1.38629436111989 141.755067732476 0.0001519336020067
144 4 4 4.969813299576 1.38629436111989 142.755000064479 0.000153005333151092
145 3 3 4.97673374242057 1.09861228866811 143.754933322899 0.00015407706528842
146 5 5 4.98360662170834 1.6094379124341 144.75486748884 0.000155148798398433
147 2 2 4.99043258677874 0.693147180559945 145.754802543918 0.000156220532461426
148 3 3 4.99721227376411 1.09861228866811 146.754738470241 0.000157292267458222
149 2 2 5.00394630594546 0.693147180559945 147.754675250393 0.000158364003370156
150 5 5 5.01063529409626 1.6094379124341 148.754612867421 0.000159435740179056
151 5 5 5.01727983681492 1.6094379124341 149.754551304817 0.00016050747786723
152 2 2 5.02388052084628 0.693147180559945 150.754490546504 0.000161579216417445
153 3 3 5.03043792139244 1.09861228866811 151.754430576822 0.000162650955812919
154 8 8 5.03695260241363 2.07944154167984 152.754371380517 0.000163722696037301
155 5 5 5.04342511691925 1.6094379124341 153.754312942725 0.00016479443707466
156 2 2 5.04985600724954 0.693147180559945 154.754255248958 0.000165866178909467
157 1 1 5.05624580534831 0 155.754198285097 0.000166937921526591
158 4 4 5.06259503302697 1.38629436111989 156.754142037379 0.000168009664911279
159 2 2 5.06890420222023 0.693147180559945 157.754086492382 0.000169081409049146
160 1 1 5.07517381523383 0 158.754031637019 0.000170153153926166
161 2 2 5.08140436498446 0.693147180559945 159.753977458527 0.000171224899528658
162 5 3.33333333333333 5.08759633523238 1.20397280432594 158.552252986229 0.000169936886827479
164 1 0.666666666666667 5.0998664278242 -0.405465108108164 162.753818861267 0.000174440140557129
165 6 4 5.10594547390058 1.38629436111989 161.551147991777 0.000173151113503966
167 1 0.666666666666667 5.11799381241676 -0.405465108108164 165.75366592532 0.000177655387653415
168 1 1 5.12396397940326 0 166.753616152657 0.000178727137978091
169 5 3.33333333333333 5.12989871492307 1.20397280432594 165.549734746382 0.000177436813467157
171 3 2 5.14166355650266 0.693147180559945 169.753470305458 0.000181942392672124
172 2 2 5.14749447681345 0.693147180559945 170.753422813233 0.000183014145440982
173 1 1 5.15329159449778 0 171.753375866629 0.000184085898794639
174 2 2 5.15905529921453 0.693147180559945 172.753329456296 0.000185157652723072
175 6 6 5.16478597392351 1.79175946922805 173.753283573099 0.000186229407216491
176 3 3 5.17048399503815 1.09861228866811 174.753238208105 0.000187301162265323
177 3 3 5.17614973257383 1.09861228866811 175.753193352586 0.000188372917860212
178 1 1 5.18178355029209 0 176.753148998008 0.000189444673992011
179 1 0.666666666666667 5.18738580584075 -0.405465108108164 175.546473923428 0.000188151355217132
181 1 0.666666666666667 5.19849703126583 -0.405465108108164 179.75301885738 0.000192659945520404
182 1 1 5.2040066870768 0 180.752976424929 0.000193731703712347
183 1 0.666666666666667 5.20948615284142 -0.405465108108164 179.545267950846 0.000192437277336087
185 1 0.666666666666667 5.22035582507832 -0.405465108108164 183.752851863902 0.000196946981220978
186 2 2 5.2257466737132 0.693147180559945 184.752811231291 0.000198018741341995
187 1 1 5.23110861685459 0 185.752771030746 0.000199090501926101
188 2 2 5.23644196282995 0.693147180559945 186.75273125541 0.000200162262965949
189 2 2 5.24174701505964 0.693147180559945 187.752691898576 0.000201234024454348
190 1 1 5.24702407216049 0 188.75265295367 0.000202305786384254
191 1 1 5.25227342804663 0 189.752614414261 0.000203377548748772
192 1 0.666666666666667 5.25749537202778 -0.405465108108164 188.54273572725 0.00020208079633033
194 1 0.666666666666667 5.26785815906333 -0.405465108108164 192.752501166651 0.000206592838383165
195 3 3 5.27299955856375 1.09861228866811 193.752464187505 0.000207664602419979
196 2 2 5.27811465923052 0.693147180559945 194.752427583618 0.000208736366858998
197 4 2.66666666666667 5.28320372873799 0.980829253011726 193.541427581033 0.000207438412610405
199 1 0.666666666666667 5.29330482472449 -0.405465108108164 197.752319967259 0.000211951662528985
200 4 4 5.29831736654804 1.38629436111989 198.752284808709 0.000213023428517121
201 2 2 5.30330490805908 0.693147180559945 199.752249998116 0.000214095194878199
202 1 0.666666666666667 5.30826769740121 -0.405465108108164 198.540183353916 0.000212796097399207
204 1 0.666666666666667 5.31811999384422 -0.405465108108164 202.752147603185 0.000217310496144532
205 4 4 5.32300997913841 1.38629436111989 203.752114134018 0.000218382263943355
206 4 2.66666666666667 5.32787616878958 0.980829253011726 202.539230906128 0.000217082291246967
208 1 0.666666666666667 5.33753807970132 -0.405465108108164 206.752015647407 0.00022159756939864
209 1 1 5.34233425196481 0 207.751983443595 0.000222669338553675
210 2 2 5.34710753071747 0.693147180559945 208.751951544909 0.000223741108035745
211 1 1 5.35185813347607 0 209.751919947033 0.000224812877840224
212 2 2 5.35658627467201 0.693147180559945 210.751888645732 0.000225884647962573
213 1 1 5.36129216570943 0 211.75185763685 0.000226956418398339
214 2 1.33333333333333 5.36597601502185 0.287682072451781 210.537431517523 0.000225654792025244
216 1 0.666666666666667 5.37527840768417 -0.405465108108164 214.751766324308 0.000230171731542817
217 1 0.666666666666667 5.37989735354046 -0.405465108108164 213.536790538148 0.000228869516034793
219 3 1.5 5.3890717298165 0.405465108108164 215.536372857814 0.000231012675705875
221 1 0.666666666666667 5.39816270151775 -0.405465108108164 219.751619618868 0.000235530592659383
222 1 1 5.40267738187228 0 220.751591066925 0.000236602365728504
223 1 0.666666666666667 5.40717177146012 -0.405465108108164 219.535559708674 0.000235299018854437
225 2 1.33333333333333 5.41610040220442 0.287682072451781 223.751506926557 0.000239817686560144
226 4 4 5.42053499927229 1.38629436111989 224.751479373799 0.000240889460700196
227 1 0.666666666666667 5.4249500174814 -0.405465108108164 223.53477488536 0.000239585392362723
229 1 0.666666666666667 5.43372200355424 -0.405465108108164 227.751398152526 0.000244104784660534
230 4 2.66666666666667 5.4380793089232 0.980829253011726 226.534203977822 0.000242800191475524
232 2 1 5.44673737166631 0 228.533831482655 0.000244943399576235
234 1 0.666666666666667 5.4553211153577 -0.405465108108164 232.751267390368 0.000249463662865167
235 1 0.5 5.45958551414416 -0.693147180559945 229.345578603821 0.000245813433120786
238 2 1 5.47227067367148 0 236.751166718515 0.000253750769649501
239 1 0.666666666666667 5.47646355193151 -0.405465108108164 235.5325763046 0.000252444679970179
241 2 1.33333333333333 5.48479693349065 0.287682072451781 239.751093397854 0.000256966102077743
242 1 0.333333333333333 5.48893772615669 -1.09861228866811 232.049435154445 0.00024871143649814
247 1 0.25 5.50938833662798 -1.38629436111989 241.340329972426 0.000258669451672773
250 1 0.5 5.52146091786225 -0.693147180559945 248.750883948412 0.000266612110629852
251 1 1 5.52545293913178 0 249.750861599438 0.000267683890347338
252 1 0.666666666666667 5.52942908751142 -0.405465108108164 248.530428333997 0.000266375825492985
254 1 0.5 5.53733426701854 -0.693147180559945 250.530117190252 0.000268519099350375
256 1 0.666666666666667 5.54517744447956 -0.405465108108164 254.750752462534 0.000273042791729997
257 3 2 5.54907608489522 0.693147180559945 253.52965946185 0.000271734019768989
259 1 0.4 5.55682806169954 -0.916290731874155 253.335560111531 0.00027152598337274
262 1 0.4 5.5683445037611 -0.916290731874155 258.528919641539 0.000277092245182858
264 2 1.33333333333333 5.57594910314632 0.287682072451781 262.750586406952 0.000281617043120606
265 1 1 5.57972982598622 0 263.750566352083 0.000282688825296921
266 1 1 5.5834963087817 0 264.750546447388 0.000283760607634196
267 1 1 5.58724865840025 0 265.75052669119 0.000284832390130629
268 2 1.33333333333333 5.59098698051086 0.287682072451781 264.528067938606 0.000283522154351721
270 1 0.333333333333333 5.59842195899838 -1.09861228866811 262.16134546305 0.00028098549251371
274 1 0.25 5.61312810638807 -1.38629436111989 266.158764824589 0.000285269941260729
278 2 0.666666666666667 5.62762111369064 -0.405465108108164 274.52672935896 0.000294238756369129
280 1 0.666666666666667 5.63478960316925 -0.405465108108164 278.750282652559 0.000298765576294712
281 1 1 5.63835466933375 0 279.750264812029 0.000299837360844365
282 1 1 5.64190707093811 0 280.750247097542 0.000300909145529112
283 2 1.33333333333333 5.64544689764324 0.287682072451781 279.526095214149 0.000299597095046386
285 1 0.666666666666667 5.65248918026865 -0.405465108108164 283.750194697126 0.00030412450037975
286 1 1 5.65599181081985 0 284.750177473687 0.000305196285590804
287 3 3 5.65948221575962 1.09861228866811 285.750160369821 0.000306268070930017
288 1 0.666666666666667 5.66296048013595 -0.405465108108164 284.525482887134 0.000304955457108038
290 1 0.5 5.66988092298052 -0.693147180559945 286.525243814819 0.00030709880821185
292 1 0.666666666666667 5.67675380226828 -0.405465108108164 290.750076601231 0.000311626999502528
293 1 1 5.68017260901707 0 291.750060189327 0.000312698785583387
294 2 2 5.68357976733868 0.693147180559945 292.750043888656 0.000313770571783468
295 1 1 5.68697535633982 0 293.750027698096 0.000314842358101565
296 1 0.4 5.69035945432406 -0.916290731874155 288.14579512598 0.000308835721056519
300 1 0.285714285714286 5.7037824746562 -1.25276296849537 294.322103367435 0.000315455510904166
303 1 0.5 5.71373280550937 -0.693147180559945 301.749902007137 0.000323416652755123
304 1 0.666666666666667 5.71702770140622 -0.405465108108164 300.523657625383 0.000322102359524973
306 1 0.5 5.72358510195238 -0.693147180559945 302.523442773276 0.000324245736588093
308 1 0.285714285714286 5.73009978297357 -1.25276296849537 297.981713455551 0.000319377894431765
313 2 0.5 5.74620319054015 -0.693147180559945 307.318563189138 0.000329385164253654
316 2 0.666666666666667 5.75574221358691 -0.405465108108164 310.317787059984 0.000332599743409174
319 1 0.222222222222222 5.76519110278484 -1.50407739677627 306.833669283276 0.000328865453185209
325 1 0.222222222222222 5.78382518232974 -1.50407739677627 319.315543571996 0.000342243571871302
328 1 0.166666666666667 5.79301360838414 -1.79175946922805 309.520151513231 0.000331744834701885
337 2 0.181818181818182 5.82008293035236 -1.70474809223843 310.350749105647 0.000332635072250726
350 1 0.142857142857143 5.85793315448346 -1.94591014905531 348.749279253788 0.000373790757832141
351 1 0.333333333333333 5.86078622346587 -1.09861228866811 340.951026291399 0.000365432561678116
356 1 0.333333333333333 5.87493073085203 -1.09861228866811 354.749211553132 0.000380221507297522
357 1 0.666666666666667 5.87773578177964 -0.405465108108164 353.518771410207 0.000378902717035144
359 1 0.5 5.88332238848828 -0.693147180559945 355.518615065881 0.000381046156807119
361 1 0.25 5.88887795833288 -1.38629436111989 348.792490826106 0.00037383707215399
367 2 0.5 5.90536184805457 -0.693147180559945 363.518006606483 0.000389619934027694
369 1 0.333333333333333 5.91079664404053 -1.09861228866811 361.113675096609 0.000387042962688632
373 2 0.8 5.92157841964382 -0.22314355131421 371.749031528247 0.000398441976756569
374 1 0.666666666666667 5.92425579741453 -0.405465108108164 370.517495407072 0.00039712201182068
376 2 0.235294117647059 5.92958914338989 -1.44691898293633 345.172033902704 0.000369956653132071
391 1 0.125 5.96870755998537 -2.07944154167984 389.74885792913 0.000417734256773976
392 1 1 5.97126183979046 0 390.7488487509 0.000418806050607915
393 1 1 5.97380961186926 0 391.748839619253 0.00041987784449178
394 4 4 5.97635090929793 1.38629436111989 392.748830533831 0.000420949638425191
395 1 1 5.97888576490112 0 393.748821494285 0.000422021432407771
396 1 0.285714285714286 5.98141421125448 -1.25276296849537 383.764709180905 0.000411320424176628
402 1 0.2 5.99645208861902 -1.6094379124341 394.102931716088 0.000422400969043508
406 1 0.4 6.00635315960173 -0.916290731874155 404.748724990415 0.000433811169357755
407 1 1 6.00881318544259 0 405.748716475315 0.000434882963902438
408 1 0.333333333333333 6.01126717440416 -1.09861228866811 397.920150623385 0.000426492278282118
413 1 0.333333333333333 6.02344759296103 -1.09861228866811 411.748666248381 0.000441313732096219
414 1 1 6.02586597382531 0 412.748658018397 0.00044238552694649
415 2 0.8 6.0282785202307 -0.22314355131421 407.099162415487 0.00043633037681887
419 1 0.142857142857143 6.03787091992214 -1.94591014905531 398.247703580662 0.00042684335074424
429 1 0.153846153846154 6.06145691892802 -1.87180217690159 423.296382812254 0.000453690617103341
432 1 0.4 6.06842558824411 -0.916290731874155 428.513893172466 0.000459282763861934
434 1 0.285714285714286 6.07304453410041 -1.25276296849537 423.908717832908 0.000454346920026481
439 1 0.285714285714286 6.08449941307517 -1.25276296849537 435.513522404336 0.000466784992169682
441 1 0.333333333333333 6.08904487544685 -1.09861228866811 433.092282229161 0.000464189898061075
445 1 0.333333333333333 6.09807428216624 -1.09861228866811 441.51321383213 0.000473215483468052
447 2 1.33333333333333 6.10255859461357 0.287682072451781 445.748407036702 0.000477754779092948
448 1 0.666666666666667 6.10479323241498 -0.405465108108164 444.513062627276 0.000476430732419731
450 1 0.666666666666667 6.10924758276437 -0.405465108108164 448.748386041113 0.000480970167603395
451 1 0.142857142857143 6.11146733950268 -1.94591014905531 423.947010603556 0.000454387962358642
464 1 0.133333333333333 6.13988455222626 -2.01490302054226 460.512289035371 0.000493578762020267
466 1 0.0769230769230769 6.14418563412565 -2.56494935746154 417.004188410566 0.000446946620043715
490 1 0.0769230769230769 6.19440539110467 -2.56494935746154 486.5111391185 0.000521444424986312
492 1 0.5 6.19847871649231 -0.693147180559945 488.511055670386 0.000523587942888714
494 1 0.285714285714286 6.20253551718792 -1.25276296849537 483.886863653812 0.000518631716909023
499 1 0.166666666666667 6.21260609575152 -1.79175946922805 484.539104543564 0.000519330791089165
506 1 0.2 6.22653666928747 -1.6094379124341 500.287230244071 0.000536209690029469
509 2 0.133333333333333 6.23244801655052 -2.01490302054226 453.897497806403 0.000486489004496847
536 1 0.0588235294117647 6.2841341610708 -2.83321334405622 521.517252540571 0.000558964105866489
543 1 0.25 6.29710931993394 -1.38629436111989 541.74785001817 0.000580647334513524
544 1 0.666666666666667 6.29894924685594 -0.405465108108164 540.509100343914 0.000579319638064961
546 1 0.4 6.30261897574491 -0.916290731874155 540.28348690949 0.000579077824757673
549 1 0.333333333333333 6.30809844150953 -1.09861228866811 543.283227985971 0.000582292958256091
552 1 0.333333333333333 6.31354804627709 -1.09861228866811 546.282971856095 0.000585508094748747
555 1 0.2 6.31896811374643 -1.6094379124341 540.507143787363 0.000579317541020467
562 1 0.1 6.33150184989369 -2.30258509299405 534.706274820647 0.000573100148365797
575 1 0.117647058823529 6.35437004079735 -2.14006616349627 567.066595722785 0.000607784059109879
579 1 0.0869565217391304 6.361302477573 -2.4423470353692 539.2752539396 0.000577997196959121
598 1 0.0909090909090909 6.39359075395063 -2.39789527279837 592.279364144989 0.000634807196865883
601 1 0.133333333333333 6.39859493453521 -2.01490302054226 575.754317005163 0.000617095590674684
613 1 0.142857142857143 6.41836493593621 -1.94591014905531 609.507015710595 0.000653271857060033
615 1 0.0714285714285714 6.42162226780652 -2.63905732961526 561.09156419045 0.000601379998377994
641 1 0.0357142857142857 6.46302945692067 -3.3322045101752 579.089339255308 0.000620670079765919
671 1 0.0454545454545455 6.50876913697168 -3.09104245335832 641.428954379206 0.000687485908116832
685 1 0.0625 6.52941883826223 -2.77258872223978 647.030739514297 0.00069348992198989
703 2 0.129032258064516 6.55535689181067 -2.04769284336526 675.507292763776 0.000724011196305769
716 1 0.08 6.57368016696065 -2.52572864430826 690.627020546113 0.000740216576050404
728 1 0.0392156862745098 6.59030104819669 -3.23867845216438 648.075959240057 0.000694610192329169
767 1 0.0416666666666667 6.64248680136726 -3.17805383034795 748.062443326657 0.000801776073043445
776 1 0.0645161290322581 6.65415252018322 -2.7408400239252 729.534301988405 0.000781917543136617
798 1 0.0689655172413793 6.68210859744981 -2.67414864942653 783.419789359237 0.00083967220632501
805 1 0.117647058823529 6.69084227741856 -2.14006616349627 783.872963198015 0.000840157919709105
815 1 0.0952380952380952 6.70318811324086 -2.35137525716348 791.70249934474 0.000848549645294948
826 1 0.0476190476190476 6.71659477352098 -3.04452243772342 761.075540359539 0.000815723558216954
857 1 0.0625 6.75343791859778 -2.77258872223978 855.746898629066 0.000917192667567609
858 1 0.0434782608695652 6.75460409948796 -3.13549421592915 765.484979707278 0.000820449611497789
903 1 0.0222222222222222 6.80572255341699 -3.80666248977032 810.115215460737 0.000868284462024814
948 1 0.0333333333333333 6.85435450225502 -3.40119738166216 915.995712482785 0.000981767567441397
963 1 0.0769230769230769 6.87005341179813 -2.56494935746154 939.626155429774 0.00100709476294403
974 1 0.117647058823529 6.88141130364254 -2.14006616349627 961.592195483697 0.00103063804531553
980 1 0.222222222222222 6.88755257166462